1.30203E+18
1.23444E+18
1.03127E+18
9.43501E+17
9.0624E+17
8.61411E+17
7.48673E+17
6.96679E+17
6.01592E+17
5.18446E+17
4.99453E+17
4.63394E+17
4.28353E+17
3.80355E+17
3.27584E+17
2.75277E+17
2.34161E+17
2.13598E+17
1.60998E+17
1.44431E+18
1.55222E+18
1.73777E+18
1.67245E+18
1.79278E+18
1.84304E+18
1.88781E+18
2.08392E+18
2.25147E+18
2.34283E+18
2.45094E+18
2.65248E+18
3.05798E+18
3.83124E+18
3.96517E+18
4.34714E+18
4.64251E+18
4.95615E+18
5.28908E+18
5.64236E+18
6.0171E+18
6.41449E+18
6.83574E+18
7.28214E+18
8.25583E+18
9.34711E+18
1.19341E+19
1.34587E+19
1.5159E+19
1.70527E+19